   523.84749999999997        60.707258799999998        1.0623555800000000     
   523.91629976851846        59.764132900000000        1.0458512099999999     
   524.91279976851854        59.599226500000000        1.0429654100000001     
   525.91199999999992        57.074303899999997       0.99878015399999998     
   525.97829976851847        58.403735200000000        1.0220447300000000     
   527.80690046296297        59.764132900000000        1.0458512099999999     
   528.82679976851853        57.179535500000000        1.0006216699999999     
   528.89529976851850        58.673314599999998        1.0267622800000000     
   529.97490046296298        57.974982099999998        1.0145417000000001     
   531.74190046296303        59.709113500000001        1.0448883899999999     
   531.82479976851857        59.380058800000000        1.0391300500000000     
   531.90599999999995        59.874324000000001        1.0477795200000000     
   532.69449999999995        56.291215100000002       0.98507637699999995     
   532.77970023148157        58.781494400000000        1.0286553800000000     
   532.86099999999999        59.380058800000000        1.0391300500000000     
   532.94179976851854        60.428334300000003        1.0574745000000001     
   532.97440046296299        58.889873700000003        1.0305519800000000     
   533.85699999999997        58.944138299999999        1.0315015999999999     
   536.85159953703703        55.212908200000001       0.96620638700000006     
   538.85959953703707        55.518870600000000       0.97156062099999996     
   538.92490046296291        57.179535500000000        1.0006216699999999     
   539.93940046296302        59.544358799999998        1.0420052399999999     
   540.82599999999991        62.811710900000001        1.0413310300000000     
   540.90820023148149        63.509782199999997        1.0529040800000000     
   543.91770023148149        59.489541699999997        1.0410459599999999     
   544.86420023148150        58.511417999999999        1.0239291399999999     
   544.92979976851859        57.655484100000002        1.0089505999999999     
   545.73650000000009        58.296250600000000        1.0201637900000000     
   545.93340046296294        57.284961199999998        1.0024665800000001     
   546.81740046296295        57.602405900000001        1.0080217499999999     
   546.89840046296297        54.858082500000002       0.95999706299999998     
   547.81259953703704        53.856809599999998       0.94247514099999996     
   547.89350000000002        52.292646699999999       0.91510284300000000     
   548.66479976851849        50.867526900000001       0.89016375000000003     
   548.71359953703711        50.308413600000002       0.88037946400000000     
   551.82059953703697        47.428634700000003       0.82998435100000001     
   552.85859953703709        46.434483899999996       0.81258706300000005     
   552.90740046296298        45.085887499999998       0.78898710299999997     
   553.77900000000000        47.210719900000001       0.82617091899999995     
   554.77279976851844        45.210636700000002       0.79117017000000001     
   554.85409953703709        44.140842999999997       0.77244915800000002     
   556.86159953703702        43.978521299999997       0.76960858499999996     
   556.91059953703700        45.797378899999998       0.80143795100000004     
   558.83170023148148        45.713094699999999       0.88416963900000001     
   559.87990046296295        45.293994499999997       0.79262890200000002     
   560.67020023148143        46.349027200000002       0.81109160100000000     
   561.77359953703706        50.262099200000002       0.87956897899999997     
   566.88359953703707        55.723787000000002        1.4883816299999999     
   567.64099999999996        56.032580400000001       0.98055036100000004     
   567.90759953703707        55.877970400000002       0.97784474099999996     
   568.64440046296306        59.599226500000000        1.0429654100000001     
   568.77429976851852        60.317123700000003        1.0555283600000001     
   569.76540046296293        63.861721699999997        1.0587387500000001     
   570.75770023148141        71.720056499999998        1.1890190400000000     
   571.68620023148151        74.206273600000003        1.2302370700000000     
   571.87970023148148        66.380515900000006        1.1004968600000000     
   572.66559953703700        73.865326699999997        1.2245846400000000     
   573.68429976851849        72.986178199999998        1.2100095799999999     
   573.73699999999997        74.411596599999996        1.2336410400000000     
   574.68500000000006        69.958521599999997        1.1598152300000000     
   575.83790046296292        67.365978600000005        1.1168344699999999     
   576.75790046296299        69.829771899999997        1.1576807400000000     
   576.83199999999999        70.540839399999996        1.1694692499999999     
   577.82240046296295        69.381010900000007        1.1502409099999999     
   578.84009953703708        69.958521599999997        1.1598152300000000     
   579.64809953703696        72.583954100000000        1.2033412600000000     
   580.83120023148149        75.585871200000000        1.2531088800000001     
   581.64850000000001        76.707993599999995        1.2717121100000000     
   582.68309953703704        74.480163800000000        1.2347777900000001     
   583.64979976851862        78.134101599999994        1.2953550100000000     
   584.64979976851862        79.075259000000003        1.3109580900000000     
   585.65099999999995        79.586723000000006        1.3194374499999999     
   586.68340046296294        79.806933400000005        1.3230882399999999     
   587.68420023148144        80.101495299999996        1.3279716600000000     
   589.67770023148148        74.274651599999999        1.2313706799999999     
   590.82170023148149        69.958521599999997        1.7397228499999999     
   592.65529976851849        72.517132599999997        1.2022334500000000     
   596.68949999999995        67.989308300000005        1.1271684099999999     
   597.68959953703700        63.861721699999997        1.0587387500000001     
   597.73909953703708        64.809791300000001        1.0744564299999999     
   598.65770023148150        64.274783600000006        1.5391808499999999     
   602.80379976851850        55.111295900000002       0.96442820799999995     
