# 1 40 20
1.854765e+00 2.466808e-02 1.000000e-02
1.855802e+00 3.200351e-02 1.000000e-02
1.856840e+00 5.931707e-02 1.000000e-02
1.857878e+00 8.110148e-02 1.000000e-02
1.858915e+00 1.074442e-01 1.000000e-02
1.859953e+00 1.624307e-01 1.000000e-02
1.860991e+00 2.166726e-01 1.000000e-02
1.862029e+00 2.961437e-01 1.000000e-02
1.863066e+00 4.191923e-01 1.000000e-02
1.864104e+00 5.500436e-01 1.000000e-02
1.865142e+00 7.494093e-01 1.000000e-02
1.866179e+00 9.514090e-01 1.000000e-02
1.867217e+00 1.210732e+00 1.000000e-02
1.868255e+00 1.547020e+00 1.000000e-02
1.869293e+00 1.861156e+00 1.000000e-02
1.870330e+00 2.170703e+00 1.000000e-02
1.871368e+00 2.459090e+00 1.000000e-02
1.872406e+00 2.692581e+00 1.000000e-02
1.873443e+00 2.794989e+00 1.000000e-02
1.874481e+00 2.859898e+00 1.000000e-02
1.875519e+00 2.821473e+00 1.000000e-02
1.876557e+00 2.676192e+00 1.000000e-02
1.877594e+00 2.485544e+00 1.000000e-02
1.878632e+00 2.173054e+00 1.000000e-02
1.879670e+00 1.863968e+00 1.000000e-02
1.880707e+00 1.552557e+00 1.000000e-02
1.881745e+00 1.259509e+00 1.000000e-02
1.882783e+00 9.957332e-01 1.000000e-02
1.883821e+00 7.638436e-01 1.000000e-02
1.884858e+00 5.960854e-01 1.000000e-02
1.885896e+00 4.562647e-01 1.000000e-02
1.886934e+00 3.400674e-01 1.000000e-02
1.887971e+00 2.484714e-01 1.000000e-02
1.889009e+00 1.602157e-01 1.000000e-02
1.890047e+00 1.267269e-01 1.000000e-02
1.891085e+00 8.033152e-02 1.000000e-02
1.892122e+00 4.250073e-02 1.000000e-02
1.893160e+00 4.204447e-02 1.000000e-02
1.894198e+00 3.584840e-02 1.000000e-02
1.895235e+00 5.956245e-03 1.000000e-02

# 0.000000 -100.000000
1.854765e+00 -4.427801e-04 1.629274e-03
1.855802e+00 8.553503e-04 1.628363e-03
1.856840e+00 -1.127534e-03 1.627453e-03
1.857878e+00 2.496545e-03 1.626544e-03
1.858915e+00 4.284479e-04 1.625636e-03
1.859953e+00 3.366888e-03 1.624729e-03
1.860991e+00 3.266506e-03 1.623823e-03
1.862029e+00 2.020676e-03 1.622918e-03
1.863066e+00 4.164083e-03 1.622014e-03
1.864104e+00 6.488562e-03 1.621111e-03
1.865142e+00 1.000635e-02 1.620209e-03
1.866179e+00 9.073360e-03 1.619308e-03
1.867217e+00 1.249455e-02 1.618408e-03
1.868255e+00 1.270019e-02 1.617509e-03
1.869293e+00 1.279814e-02 1.616611e-03
1.870330e+00 1.129805e-02 1.615714e-03
1.871368e+00 8.268800e-03 1.614818e-03
1.872406e+00 3.634320e-03 1.613923e-03
1.873443e+00 8.689501e-04 1.613029e-03
1.874481e+00 1.709112e-03 1.612136e-03
1.875519e+00 -1.824834e-03 1.611244e-03
1.876557e+00 -3.155125e-03 1.610353e-03
1.877594e+00 -6.507798e-03 1.609463e-03
1.878632e+00 -7.513715e-03 1.608574e-03
1.879670e+00 -9.669991e-03 1.607686e-03
1.880707e+00 -1.319429e-02 1.606799e-03
1.881745e+00 -9.814839e-03 1.605913e-03
1.882783e+00 -1.141295e-02 1.605028e-03
1.883821e+00 -8.502423e-03 1.604144e-03
1.884858e+00 -8.288281e-03 1.603261e-03
1.885896e+00 -2.413915e-03 1.602379e-03
1.886934e+00 -6.519990e-03 1.601497e-03
1.887971e+00 -4.339009e-03 1.600617e-03
1.889009e+00 -2.323882e-03 1.599738e-03
1.890047e+00 -3.724040e-03 1.598859e-03
1.891085e+00 -1.586449e-03 1.597982e-03
1.892122e+00 -2.619737e-03 1.597106e-03
1.893160e+00 1.671681e-03 1.596230e-03
1.894198e+00 1.067109e-03 1.595356e-03
1.895235e+00 8.937186e-04 1.594482e-03

# 15.643447 -98.768834
1.854765e+00 -2.224240e-03 1.629274e-03
1.855802e+00 -1.034457e-03 1.628363e-03
1.856840e+00 -2.344249e-03 1.627453e-03
1.857878e+00 -1.475536e-03 1.626544e-03
1.858915e+00 3.696225e-03 1.625636e-03
1.859953e+00 3.594987e-03 1.624729e-03
1.860991e+00 4.176524e-03 1.623823e-03
1.862029e+00 5.231147e-03 1.622918e-03
1.863066e+00 6.967029e-03 1.622014e-03
1.864104e+00 8.029265e-03 1.621111e-03
1.865142e+00 9.494194e-03 1.620209e-03
1.866179e+00 1.128042e-02 1.619308e-03
1.867217e+00 1.333649e-02 1.618408e-03
1.868255e+00 1.284772e-02 1.617509e-03
1.869293e+00 1.052986e-02 1.616611e-03
1.870330e+00 1.296437e-02 1.615714e-03
1.871368e+00 8.568574e-03 1.614818e-03
1.872406e+00 7.891507e-03 1.613923e-03
1.873443e+00 1.810522e-03 1.613029e-03
1.874481e+00 -2.433278e-03 1.612136e-03
1.875519e+00 -3.215177e-03 1.611244e-03
1.876557e+00 -4.509712e-03 1.610353e-03
1.877594e+00 -1.092087e-02 1.609463e-03
1.878632e+00 -1.032486e-02 1.608574e-03
1.879670e+00 -1.204197e-02 1.607686e-03
1.880707e+00 -1.582951e-02 1.606799e-03
1.881745e+00 -1.469248e-02 1.605913e-03
1.882783e+00 -1.264379e-02 1.605028e-03
1.883821e+00 -8.783035e-03 1.604144e-03
1.884858e+00 -8.501061e-03 1.603261e-03
1.885896e+00 -7.227288e-03 1.602379e-03
1.886934e+00 -4.814422e-03 1.601497e-03
1.887971e+00 -3.987172e-03 1.600617e-03
1.889009e+00 -9.479123e-04 1.599738e-03
1.890047e+00 -1.633800e-03 1.598859e-03
1.891085e+00 3.237291e-04 1.597982e-03
1.892122e+00 -2.748325e-03 1.597106e-03
1.893160e+00 -7.396488e-04 1.596230e-03
1.894198e+00 -1.831773e-04 1.595356e-03
1.895235e+00 -2.522896e-04 1.594482e-03

# 30.901699 -95.105652
1.854765e+00 -3.967910e-04 1.629274e-03
1.855802e+00 2.521694e-03 1.628363e-03
1.856840e+00 5.127297e-04 1.627453e-03
1.857878e+00 1.406951e-03 1.626544e-03
1.858915e+00 6.495145e-04 1.625636e-03
1.859953e+00 1.798942e-03 1.624729e-03
1.860991e+00 4.448409e-03 1.623823e-03
1.862029e+00 3.179145e-03 1.622918e-03
1.863066e+00 7.066244e-03 1.622014e-03
1.864104e+00 8.439449e-03 1.621111e-03
1.865142e+00 1.146901e-02 1.620209e-03
1.866179e+00 1.216386e-02 1.619308e-03
1.867217e+00 1.591476e-02 1.618408e-03
1.868255e+00 1.779886e-02 1.617509e-03
1.869293e+00 1.690470e-02 1.616611e-03
1.870330e+00 1.378740e-02 1.615714e-03
1.871368e+00 8.579627e-03 1.614818e-03
1.872406e+00 5.719113e-03 1.613923e-03
1.873443e+00 2.826108e-03 1.613029e-03
1.874481e+00 8.741542e-04 1.612136e-03
1.875519e+00 -3.677645e-03 1.611244e-03
1.876557e+00 -8.221836e-03 1.610353e-03
1.877594e+00 -9.688989e-03 1.609463e-03
1.878632e+00 -1.510226e-02 1.608574e-03
1.879670e+00 -1.766794e-02 1.607686e-03
1.880707e+00 -1.415017e-02 1.606799e-03
1.881745e+00 -1.637114e-02 1.605913e-03
1.882783e+00 -1.208929e-02 1.605028e-03
1.883821e+00 -1.242054e-02 1.604144e-03
1.884858e+00 -9.363827e-03 1.603261e-03
1.885896e+00 -7.611977e-03 1.602379e-03
1.886934e+00 -5.969968e-03 1.601497e-03
1.887971e+00 -2.198186e-03 1.600617e-03
1.889009e+00 -1.747607e-03 1.599738e-03
1.890047e+00 -8.835221e-04 1.598859e-03
1.891085e+00 1.021764e-03 1.597982e-03
1.892122e+00 -4.005353e-03 1.597106e-03
1.893160e+00 4.021162e-04 1.596230e-03
1.894198e+00 8.489050e-04 1.595356e-03
1.895235e+00 2.107985e-03 1.594482e-03

# 45.399050 -89.100652
1.854765e+00 1.819218e-03 1.629274e-03
1.855802e+00 6.145219e-04 1.628363e-03
1.856840e+00 8.386248e-04 1.627453e-03
1.857878e+00 2.914612e-03 1.626544e-03
1.858915e+00 2.450603e-03 1.625636e-03
1.859953e+00 6.289828e-03 1.624729e-03
1.860991e+00 2.269629e-03 1.623823e-03
1.862029e+00 3.785891e-03 1.622918e-03
1.863066e+00 7.380750e-03 1.622014e-03
1.864104e+00 5.569816e-03 1.621111e-03
1.865142e+00 8.410599e-03 1.620209e-03
1.866179e+00 1.279012e-02 1.619308e-03
1.867217e+00 1.745756e-02 1.618408e-03
1.868255e+00 1.840850e-02 1.617509e-03
1.869293e+00 1.410102e-02 1.616611e-03
1.870330e+00 1.253595e-02 1.615714e-03
1.871368e+00 1.241098e-02 1.614818e-03
1.872406e+00 8.395902e-03 1.613923e-03
1.873443e+00 3.955987e-03 1.613029e-03
1.874481e+00 -1.779131e-03 1.612136e-03
1.875519e+00 -7.025488e-03 1.611244e-03
1.876557e+00 -9.246993e-03 1.610353e-03
1.877594e+00 -1.226689e-02 1.609463e-03
1.878632e+00 -1.713694e-02 1.608574e-03
1.879670e+00 -1.556345e-02 1.607686e-03
1.880707e+00 -1.593868e-02 1.606799e-03
1.881745e+00 -1.615275e-02 1.605913e-03
1.882783e+00 -1.159885e-02 1.605028e-03
1.883821e+00 -1.369044e-02 1.604144e-03
1.884858e+00 -6.215884e-03 1.603261e-03
1.885896e+00 -5.236311e-03 1.602379e-03
1.886934e+00 -6.752045e-03 1.601497e-03
1.887971e+00 -4.316937e-03 1.600617e-03
1.889009e+00 -1.315434e-03 1.599738e-03
1.890047e+00 -9.696176e-05 1.598859e-03
1.891085e+00 -5.399512e-04 1.597982e-03
1.892122e+00 -1.939588e-03 1.597106e-03
1.893160e+00 -1.067573e-03 1.596230e-03
1.894198e+00 -2.054763e-03 1.595356e-03
1.895235e+00 1.864107e-04 1.594482e-03

# 58.778525 -80.901699
1.854765e+00 2.112695e-04 1.629274e-03
1.855802e+00 9.395429e-04 1.628363e-03
1.856840e+00 -4.401349e-04 1.627453e-03
1.857878e+00 2.208907e-03 1.626544e-03
1.858915e+00 3.489431e-03 1.625636e-03
1.859953e+00 1.846530e-03 1.624729e-03
1.860991e+00 4.069842e-03 1.623823e-03
1.862029e+00 7.439380e-03 1.622918e-03
1.863066e+00 2.374752e-03 1.622014e-03
1.864104e+00 8.567981e-03 1.621111e-03
1.865142e+00 1.187940e-02 1.620209e-03
1.866179e+00 1.267594e-02 1.619308e-03
1.867217e+00 1.513331e-02 1.618408e-03
1.868255e+00 1.743818e-02 1.617509e-03
1.869293e+00 1.990102e-02 1.616611e-03
1.870330e+00 1.701053e-02 1.615714e-03
1.871368e+00 1.522885e-02 1.614818e-03
1.872406e+00 1.068133e-02 1.613923e-03
1.873443e+00 2.433486e-03 1.613029e-03
1.874481e+00 4.363195e-03 1.612136e-03
1.875519e+00 -6.822941e-03 1.611244e-03
1.876557e+00 -7.558792e-03 1.610353e-03
1.877594e+00 -1.471089e-02 1.609463e-03
1.878632e+00 -1.463947e-02 1.608574e-03
1.879670e+00 -1.633188e-02 1.607686e-03
1.880707e+00 -1.825450e-02 1.606799e-03
1.881745e+00 -1.668094e-02 1.605913e-03
1.882783e+00 -1.475612e-02 1.605028e-03
1.883821e+00 -1.028696e-02 1.604144e-03
1.884858e+00 -8.692035e-03 1.603261e-03
1.885896e+00 -6.839170e-03 1.602379e-03
1.886934e+00 -7.797098e-03 1.601497e-03
1.887971e+00 -4.771254e-03 1.600617e-03
1.889009e+00 9.582894e-04 1.599738e-03
1.890047e+00 -4.466490e-03 1.598859e-03
1.891085e+00 -2.428092e-03 1.597982e-03
1.892122e+00 1.070268e-04 1.597106e-03
1.893160e+00 -8.008703e-04 1.596230e-03
1.894198e+00 -2.064985e-03 1.595356e-03
1.895235e+00 3.891236e-04 1.594482e-03

# 70.710678 -70.710678
1.854765e+00 1.015460e-03 1.629274e-03
1.855802e+00 7.369084e-05 1.628363e-03
1.856840e+00 1.153443e-03 1.627453e-03
1.857878e+00 2.535034e-03 1.626544e-03
1.858915e+00 2.218802e-03 1.625636e-03
1.859953e+00 2.002758e-03 1.624729e-03
1.860991e+00 3.977677e-03 1.623823e-03
1.862029e+00 1.966079e-03 1.622918e-03
1.863066e+00 7.744621e-03 1.622014e-03
1.864104e+00 1.069179e-02 1.621111e-03
1.865142e+00 8.189267e-03 1.620209e-03
1.866179e+00 1.212912e-02 1.619308e-03
1.867217e+00 1.567385e-02 1.618408e-03
1.868255e+00 1.707922e-02 1.617509e-03
1.869293e+00 1.986289e-02 1.616611e-03
1.870330e+00 1.791444e-02 1.615714e-03
1.871368e+00 1.608016e-02 1.614818e-03
1.872406e+00 8.002877e-03 1.613923e-03
1.873443e+00 5.578389e-03 1.613029e-03
1.874481e+00 1.666055e-03 1.612136e-03
1.875519e+00 -3.151057e-03 1.611244e-03
1.876557e+00 -1.082626e-02 1.610353e-03
1.877594e+00 -1.489625e-02 1.609463e-03
1.878632e+00 -1.712855e-02 1.608574e-03
1.879670e+00 -2.072367e-02 1.607686e-03
1.880707e+00 -1.779300e-02 1.606799e-03
1.881745e+00 -1.830359e-02 1.605913e-03
1.882783e+00 -1.229829e-02 1.605028e-03
1.883821e+00 -1.342293e-02 1.604144e-03
1.884858e+00 -9.006579e-03 1.603261e-03
1.885896e+00 -4.805564e-03 1.602379e-03
1.886934e+00 -7.938339e-03 1.601497e-03
1.887971e+00 -1.027539e-03 1.600617e-03
1.889009e+00 7.705597e-04 1.599738e-03
1.890047e+00 -2.604939e-03 1.598859e-03
1.891085e+00 -1.190904e-03 1.597982e-03
1.892122e+00 -2.168104e-03 1.597106e-03
1.893160e+00 -6.328321e-04 1.596230e-03
1.894198e+00 -1.414539e-03 1.595356e-03
1.895235e+00 7.024656e-04 1.594482e-03

# 80.901699 -58.778525
1.854765e+00 -1.163889e-03 1.629274e-03
1.855802e+00 2.553526e-04 1.628363e-03
1.856840e+00 3.689130e-04 1.627453e-03
1.857878e+00 -1.980299e-03 1.626544e-03
1.858915e+00 -7.642355e-04 1.625636e-03
1.859953e+00 -6.357199e-04 1.624729e-03
1.860991e+00 2.585048e-03 1.623823e-03
1.862029e+00 4.263990e-03 1.622918e-03
1.863066e+00 7.776014e-03 1.622014e-03
1.864104e+00 9.699311e-03 1.621111e-03
1.865142e+00 8.649673e-03 1.620209e-03
1.866179e+00 1.037685e-02 1.619308e-03
1.867217e+00 1.690627e-02 1.618408e-03
1.868255e+00 1.812113e-02 1.617509e-03
1.869293e+00 1.873237e-02 1.616611e-03
1.870330e+00 1.937508e-02 1.615714e-03
1.871368e+00 1.412586e-02 1.614818e-03
1.872406e+00 9.761944e-03 1.613923e-03
1.873443e+00 6.422515e-03 1.613029e-03
1.874481e+00 -1.769581e-03 1.612136e-03
1.875519e+00 -4.919844e-03 1.611244e-03
1.876557e+00 -7.623114e-03 1.610353e-03
1.877594e+00 -1.415792e-02 1.609463e-03
1.878632e+00 -2.108612e-02 1.608574e-03
1.879670e+00 -1.678039e-02 1.607686e-03
1.880707e+00 -1.994334e-02 1.606799e-03
1.881745e+00 -1.774349e-02 1.605913e-03
1.882783e+00 -1.218185e-02 1.605028e-03
1.883821e+00 -1.408294e-02 1.604144e-03
1.884858e+00 -7.372872e-03 1.603261e-03
1.885896e+00 -6.697213e-03 1.602379e-03
1.886934e+00 -6.339105e-03 1.601497e-03
1.887971e+00 -4.318400e-03 1.600617e-03
1.889009e+00 -1.090120e-03 1.599738e-03
1.890047e+00 -3.582976e-03 1.598859e-03
1.891085e+00 -2.006009e-03 1.597982e-03
1.892122e+00 2.678100e-03 1.597106e-03
1.893160e+00 -4.171649e-03 1.596230e-03
1.894198e+00 -2.986197e-03 1.595356e-03
1.895235e+00 3.111764e-03 1.594482e-03

# 89.100652 -45.399050
1.854765e+00 -1.815740e-03 1.629274e-03
1.855802e+00 1.389196e-03 1.628363e-03
1.856840e+00 -7.321151e-04 1.627453e-03
1.857878e+00 -1.444086e-03 1.626544e-03
1.858915e+00 2.772116e-04 1.625636e-03
1.859953e+00 1.578872e-03 1.624729e-03
1.860991e+00 4.616707e-03 1.623823e-03
1.862029e+00 5.800577e-03 1.622918e-03
1.863066e+00 6.690149e-03 1.622014e-03
1.864104e+00 8.871820e-03 1.621111e-03
1.865142e+00 8.170398e-03 1.620209e-03
1.866179e+00 1.372023e-02 1.619308e-03
1.867217e+00 1.597541e-02 1.618408e-03
1.868255e+00 2.136701e-02 1.617509e-03
1.869293e+00 1.797291e-02 1.616611e-03
1.870330e+00 1.688972e-02 1.615714e-03
1.871368e+00 1.548650e-02 1.614818e-03
1.872406e+00 7.447733e-03 1.613923e-03
1.873443e+00 6.551432e-03 1.613029e-03
1.874481e+00 1.409506e-03 1.612136e-03
1.875519e+00 -4.260045e-03 1.611244e-03
1.876557e+00 -1.025383e-02 1.610353e-03
1.877594e+00 -1.431782e-02 1.609463e-03
1.878632e+00 -1.832379e-02 1.608574e-03
1.879670e+00 -1.730122e-02 1.607686e-03
1.880707e+00 -2.015306e-02 1.606799e-03
1.881745e+00 -1.432815e-02 1.605913e-03
1.882783e+00 -8.776183e-03 1.605028e-03
1.883821e+00 -6.925892e-03 1.604144e-03
1.884858e+00 -8.537930e-03 1.603261e-03
1.885896e+00 -5.691305e-03 1.602379e-03
1.886934e+00 -5.943909e-03 1.601497e-03
1.887971e+00 -3.799122e-03 1.600617e-03
1.889009e+00 -2.130519e-03 1.599738e-03
1.890047e+00 -1.872402e-03 1.598859e-03
1.891085e+00 -9.913757e-04 1.597982e-03
1.892122e+00 -1.632213e-03 1.597106e-03
1.893160e+00 -8.439318e-04 1.596230e-03
1.894198e+00 -2.268044e-04 1.595356e-03
1.895235e+00 -2.169605e-03 1.594482e-03

# 95.105652 -30.901699
1.854765e+00 3.820394e-03 1.629274e-03
1.855802e+00 -2.416055e-04 1.628363e-03
1.856840e+00 1.637535e-03 1.627453e-03
1.857878e+00 -7.651179e-04 1.626544e-03
1.858915e+00 -1.227075e-03 1.625636e-03
1.859953e+00 2.531155e-03 1.624729e-03
1.860991e+00 1.779278e-03 1.623823e-03
1.862029e+00 4.482708e-03 1.622918e-03
1.863066e+00 7.588761e-03 1.622014e-03
1.864104e+00 6.259074e-03 1.621111e-03
1.865142e+00 8.589315e-03 1.620209e-03
1.866179e+00 9.560906e-03 1.619308e-03
1.867217e+00 1.398205e-02 1.618408e-03
1.868255e+00 1.736184e-02 1.617509e-03
1.869293e+00 1.928829e-02 1.616611e-03
1.870330e+00 1.586964e-02 1.615714e-03
1.871368e+00 1.641178e-02 1.614818e-03
1.872406e+00 1.091527e-02 1.613923e-03
1.873443e+00 7.004456e-03 1.613029e-03
1.874481e+00 1.067318e-03 1.612136e-03
1.875519e+00 -3.755851e-03 1.611244e-03
1.876557e+00 -7.881314e-03 1.610353e-03
1.877594e+00 -1.279249e-02 1.609463e-03
1.878632e+00 -1.551431e-02 1.608574e-03
1.879670e+00 -1.640668e-02 1.607686e-03
1.880707e+00 -1.970873e-02 1.606799e-03
1.881745e+00 -1.694526e-02 1.605913e-03
1.882783e+00 -1.413817e-02 1.605028e-03
1.883821e+00 -1.122141e-02 1.604144e-03
1.884858e+00 -6.917143e-03 1.603261e-03
1.885896e+00 -4.934807e-03 1.602379e-03
1.886934e+00 -1.452587e-03 1.601497e-03
1.887971e+00 -1.212613e-03 1.600617e-03
1.889009e+00 3.521484e-04 1.599738e-03
1.890047e+00 -2.575497e-03 1.598859e-03
1.891085e+00 4.982252e-04 1.597982e-03
1.892122e+00 8.422255e-04 1.597106e-03
1.893160e+00 -1.177614e-03 1.596230e-03
1.894198e+00 -2.817800e-03 1.595356e-03
1.895235e+00 3.125919e-03 1.594482e-03

# 98.768834 -15.643447
1.854765e+00 5.349909e-05 1.629274e-03
1.855802e+00 5.260889e-04 1.628363e-03
1.856840e+00 -8.135011e-04 1.627453e-03
1.857878e+00 -2.047112e-03 1.626544e-03
1.858915e+00 7.200153e-04 1.625636e-03
1.859953e+00 1.218682e-04 1.624729e-03
1.860991e+00 2.949368e-03 1.623823e-03
1.862029e+00 3.906814e-03 1.622918e-03
1.863066e+00 1.554250e-03 1.622014e-03
1.864104e+00 2.660621e-03 1.621111e-03
1.865142e+00 6.939463e-03 1.620209e-03
1.866179e+00 1.164685e-02 1.619308e-03
1.867217e+00 1.403295e-02 1.618408e-03
1.868255e+00 1.429627e-02 1.617509e-03
1.869293e+00 1.740618e-02 1.616611e-03
1.870330e+00 1.728637e-02 1.615714e-03
1.871368e+00 1.121971e-02 1.614818e-03
1.872406e+00 1.083202e-02 1.613923e-03
1.873443e+00 4.619224e-03 1.613029e-03
1.874481e+00 -3.459329e-04 1.612136e-03
1.875519e+00 -5.507810e-03 1.611244e-03
1.876557e+00 -9.754013e-03 1.610353e-03
1.877594e+00 -1.652445e-02 1.609463e-03
1.878632e+00 -1.606686e-02 1.608574e-03
1.879670e+00 -1.709527e-02 1.607686e-03
1.880707e+00 -1.591140e-02 1.606799e-03
1.881745e+00 -1.344369e-02 1.605913e-03
1.882783e+00 -1.309795e-02 1.605028e-03
1.883821e+00 -9.207272e-03 1.604144e-03
1.884858e+00 -8.468177e-03 1.603261e-03
1.885896e+00 -6.044691e-03 1.602379e-03
1.886934e+00 -5.139399e-03 1.601497e-03
1.887971e+00 -2.339328e-03 1.600617e-03
1.889009e+00 -1.080468e-03 1.599738e-03
1.890047e+00 -2.195263e-03 1.598859e-03
1.891085e+00 -1.889741e-03 1.597982e-03
1.892122e+00 1.689268e-04 1.597106e-03
1.893160e+00 -2.281071e-03 1.596230e-03
1.894198e+00 1.125184e-03 1.595356e-03
1.895235e+00 -2.882571e-03 1.594482e-03

# 100.000000 0.000000
1.854765e+00 -1.963550e-03 1.629274e-03
1.855802e+00 2.894620e-03 1.628363e-03
1.856840e+00 -5.006629e-05 1.627453e-03
1.857878e+00 -1.098667e-03 1.626544e-03
1.858915e+00 -1.577662e-03 1.625636e-03
1.859953e+00 -1.272837e-03 1.624729e-03
1.860991e+00 -5.901703e-04 1.623823e-03
1.862029e+00 6.142563e-03 1.622918e-03
1.863066e+00 4.214456e-03 1.622014e-03
1.864104e+00 6.767080e-03 1.621111e-03
1.865142e+00 7.478642e-03 1.620209e-03
1.866179e+00 7.729405e-03 1.619308e-03
1.867217e+00 1.034830e-02 1.618408e-03
1.868255e+00 1.492994e-02 1.617509e-03
1.869293e+00 1.605651e-02 1.616611e-03
1.870330e+00 1.760968e-02 1.615714e-03
1.871368e+00 1.472031e-02 1.614818e-03
1.872406e+00 7.677658e-03 1.613923e-03
1.873443e+00 3.114922e-03 1.613029e-03
1.874481e+00 1.395557e-03 1.612136e-03
1.875519e+00 -4.328839e-03 1.611244e-03
1.876557e+00 -6.413746e-03 1.610353e-03
1.877594e+00 -1.219124e-02 1.609463e-03
1.878632e+00 -1.662533e-02 1.608574e-03
1.879670e+00 -1.501906e-02 1.607686e-03
1.880707e+00 -1.755924e-02 1.606799e-03
1.881745e+00 -1.177770e-02 1.605913e-03
1.882783e+00 -6.283580e-03 1.605028e-03
1.883821e+00 -4.683085e-03 1.604144e-03
1.884858e+00 -5.363041e-03 1.603261e-03
1.885896e+00 -5.761669e-03 1.602379e-03
1.886934e+00 -1.670322e-03 1.601497e-03
1.887971e+00 -1.065908e-03 1.600617e-03
1.889009e+00 -1.936548e-03 1.599738e-03
1.890047e+00 -2.667438e-03 1.598859e-03
1.891085e+00 -2.358334e-04 1.597982e-03
1.892122e+00 3.011066e-04 1.597106e-03
1.893160e+00 -5.187887e-04 1.596230e-03
1.894198e+00 -6.910602e-05 1.595356e-03
1.895235e+00 -1.077932e-03 1.594482e-03

# 98.768834 15.643447
1.854765e+00 -1.359805e-04 1.629274e-03
1.855802e+00 6.422322e-04 1.628363e-03
1.856840e+00 -3.705446e-04 1.627453e-03
1.857878e+00 1.235615e-04 1.626544e-03
1.858915e+00 3.661411e-05 1.625636e-03
1.859953e+00 1.694613e-03 1.624729e-03
1.860991e+00 1.038784e-03 1.623823e-03
1.862029e+00 3.440912e-03 1.622918e-03
1.863066e+00 -1.053673e-03 1.622014e-03
1.864104e+00 4.245797e-03 1.621111e-03
1.865142e+00 4.586019e-03 1.620209e-03
1.866179e+00 4.944827e-03 1.619308e-03
1.867217e+00 1.060722e-02 1.618408e-03
1.868255e+00 1.083528e-02 1.617509e-03
1.869293e+00 1.612115e-02 1.616611e-03
1.870330e+00 1.347111e-02 1.615714e-03
1.871368e+00 8.925578e-03 1.614818e-03
1.872406e+00 8.698696e-03 1.613923e-03
1.873443e+00 5.480300e-03 1.613029e-03
1.874481e+00 -4.753538e-04 1.612136e-03
1.875519e+00 -5.540513e-03 1.611244e-03
1.876557e+00 -7.130010e-03 1.610353e-03
1.877594e+00 -9.830838e-03 1.609463e-03
1.878632e+00 -1.283120e-02 1.608574e-03
1.879670e+00 -1.390415e-02 1.607686e-03
1.880707e+00 -1.152393e-02 1.606799e-03
1.881745e+00 -1.135985e-02 1.605913e-03
1.882783e+00 -5.055086e-03 1.605028e-03
1.883821e+00 -2.613585e-03 1.604144e-03
1.884858e+00 -2.936586e-03 1.603261e-03
1.885896e+00 -3.497273e-03 1.602379e-03
1.886934e+00 -4.236244e-03 1.601497e-03
1.887971e+00 -1.538598e-03 1.600617e-03
1.889009e+00 -3.792045e-04 1.599738e-03
1.890047e+00 1.633767e-04 1.598859e-03
1.891085e+00 -1.875365e-03 1.597982e-03
1.892122e+00 -2.108573e-04 1.597106e-03
1.893160e+00 1.488676e-04 1.596230e-03
1.894198e+00 -2.767465e-03 1.595356e-03
1.895235e+00 8.070817e-05 1.594482e-03

# 95.105652 30.901699
1.854765e+00 1.257181e-03 1.629274e-03
1.855802e+00 2.363449e-04 1.628363e-03
1.856840e+00 7.990976e-04 1.627453e-03
1.857878e+00 -3.330963e-04 1.626544e-03
1.858915e+00 -2.110025e-03 1.625636e-03
1.859953e+00 4.829577e-04 1.624729e-03
1.860991e+00 -2.215807e-03 1.623823e-03
1.862029e+00 -1.581084e-03 1.622918e-03
1.863066e+00 1.906409e-03 1.622014e-03
1.864104e+00 1.393424e-03 1.621111e-03
1.865142e+00 2.996746e-03 1.620209e-03
1.866179e+00 4.012427e-03 1.619308e-03
1.867217e+00 5.107157e-03 1.618408e-03
1.868255e+00 1.125118e-02 1.617509e-03
1.869293e+00 1.148253e-02 1.616611e-03
1.870330e+00 1.313355e-02 1.615714e-03
1.871368e+00 1.227699e-02 1.614818e-03
1.872406e+00 6.590258e-03 1.613923e-03
1.873443e+00 3.678422e-03 1.613029e-03
1.874481e+00 8.231456e-04 1.612136e-03
1.875519e+00 -2.602328e-03 1.611244e-03
1.876557e+00 -3.418130e-03 1.610353e-03
1.877594e+00 -6.922147e-03 1.609463e-03
1.878632e+00 -9.924489e-03 1.608574e-03
1.879670e+00 -1.051698e-02 1.607686e-03
1.880707e+00 -1.305324e-02 1.606799e-03
1.881745e+00 -6.489176e-03 1.605913e-03
1.882783e+00 -5.503102e-03 1.605028e-03
1.883821e+00 -1.314225e-03 1.604144e-03
1.884858e+00 -3.773950e-03 1.603261e-03
1.885896e+00 -9.917661e-05 1.602379e-03
1.886934e+00 -4.455521e-03 1.601497e-03
1.887971e+00 -1.566050e-03 1.600617e-03
1.889009e+00 1.979101e-03 1.599738e-03
1.890047e+00 8.526216e-05 1.598859e-03
1.891085e+00 -2.847677e-04 1.597982e-03
1.892122e+00 2.320903e-03 1.597106e-03
1.893160e+00 1.847716e-03 1.596230e-03
1.894198e+00 6.256072e-04 1.595356e-03
1.895235e+00 2.356020e-03 1.594482e-03

# 89.100652 45.399050
1.854765e+00 3.117710e-03 1.629274e-03
1.855802e+00 -1.811828e-03 1.628363e-03
1.856840e+00 -4.677245e-03 1.627453e-03
1.857878e+00 -1.543557e-04 1.626544e-03
1.858915e+00 7.670173e-05 1.625636e-03
1.859953e+00 -2.988492e-03 1.624729e-03
1.860991e+00 -2.298305e-03 1.623823e-03
1.862029e+00 -6.808751e-05 1.622918e-03
1.863066e+00 -1.000957e-03 1.622014e-03
1.864104e+00 1.036938e-03 1.621111e-03
1.865142e+00 3.724486e-03 1.620209e-03
1.866179e+00 3.232329e-03 1.619308e-03
1.867217e+00 5.571087e-03 1.618408e-03
1.868255e+00 3.214615e-03 1.617509e-03
1.869293e+00 8.148263e-03 1.616611e-03
1.870330e+00 7.342859e-03 1.615714e-03
1.871368e+00 7.679374e-03 1.614818e-03
1.872406e+00 4.628014e-03 1.613923e-03
1.873443e+00 2.822547e-03 1.613029e-03
1.874481e+00 2.676204e-03 1.612136e-03
1.875519e+00 -4.725578e-04 1.611244e-03
1.876557e+00 -5.631975e-03 1.610353e-03
1.877594e+00 -8.269475e-03 1.609463e-03
1.878632e+00 -1.074875e-02 1.608574e-03
1.879670e+00 -1.045745e-02 1.607686e-03
1.880707e+00 -9.565180e-03 1.606799e-03
1.881745e+00 -3.525412e-03 1.605913e-03
1.882783e+00 -5.284976e-03 1.605028e-03
1.883821e+00 -5.155305e-04 1.604144e-03
1.884858e+00 -3.762221e-03 1.603261e-03
1.885896e+00 -1.970765e-03 1.602379e-03
1.886934e+00 1.215306e-06 1.601497e-03
1.887971e+00 -1.986688e-03 1.600617e-03
1.889009e+00 1.561473e-03 1.599738e-03
1.890047e+00 3.072270e-04 1.598859e-03
1.891085e+00 1.946352e-03 1.597982e-03
1.892122e+00 1.566154e-03 1.597106e-03
1.893160e+00 1.269005e-03 1.596230e-03
1.894198e+00 -1.464134e-03 1.595356e-03
1.895235e+00 -8.168020e-05 1.594482e-03

# 80.901699 58.778525
1.854765e+00 -2.657213e-03 1.629274e-03
1.855802e+00 -1.960946e-03 1.628363e-03
1.856840e+00 1.812223e-03 1.627453e-03
1.857878e+00 -2.769488e-03 1.626544e-03
1.858915e+00 -1.693461e-03 1.625636e-03
1.859953e+00 -3.785495e-03 1.624729e-03
1.860991e+00 -2.419645e-03 1.623823e-03
1.862029e+00 -9.992864e-04 1.622918e-03
1.863066e+00 -1.176565e-03 1.622014e-03
1.864104e+00 5.547491e-04 1.621111e-03
1.865142e+00 2.335472e-04 1.620209e-03
1.866179e+00 3.796082e-03 1.619308e-03
1.867217e+00 3.379804e-03 1.618408e-03
1.868255e+00 7.508057e-03 1.617509e-03
1.869293e+00 3.725656e-03 1.616611e-03
1.870330e+00 6.093123e-03 1.615714e-03
1.871368e+00 5.394475e-03 1.614818e-03
1.872406e+00 4.151436e-03 1.613923e-03
1.873443e+00 2.742158e-03 1.613029e-03
1.874481e+00 -2.660007e-04 1.612136e-03
1.875519e+00 -1.502924e-03 1.611244e-03
1.876557e+00 -2.813442e-03 1.610353e-03
1.877594e+00 -4.197136e-03 1.609463e-03
1.878632e+00 -5.068520e-03 1.608574e-03
1.879670e+00 -8.112359e-03 1.607686e-03
1.880707e+00 -5.615525e-03 1.606799e-03
1.881745e+00 -1.364836e-03 1.605913e-03
1.882783e+00 -2.267749e-03 1.605028e-03
1.883821e+00 6.439242e-04 1.604144e-03
1.884858e+00 -8.185342e-04 1.603261e-03
1.885896e+00 1.032235e-03 1.602379e-03
1.886934e+00 1.289246e-03 1.601497e-03
1.887971e+00 3.217103e-03 1.600617e-03
1.889009e+00 8.046813e-04 1.599738e-03
1.890047e+00 8.450678e-04 1.598859e-03
1.891085e+00 1.333738e-03 1.597982e-03
1.892122e+00 3.167052e-03 1.597106e-03
1.893160e+00 2.432090e-05 1.596230e-03
1.894198e+00 -6.062095e-05 1.595356e-03
1.895235e+00 1.108580e-04 1.594482e-03

# 70.710678 70.710678
1.854765e+00 -2.252583e-04 1.629274e-03
1.855802e+00 -2.546706e-03 1.628363e-03
1.856840e+00 -2.874829e-03 1.627453e-03
1.857878e+00 -3.558030e-03 1.626544e-03
1.858915e+00 -2.058809e-03 1.625636e-03
1.859953e+00 -3.114462e-03 1.624729e-03
1.860991e+00 -1.184217e-03 1.623823e-03
1.862029e+00 -2.491250e-03 1.622918e-03
1.863066e+00 -2.161724e-03 1.622014e-03
1.864104e+00 -4.011316e-03 1.621111e-03
1.865142e+00 1.930657e-04 1.620209e-03
1.866179e+00 -1.360177e-03 1.619308e-03
1.867217e+00 -1.259826e-03 1.618408e-03
1.868255e+00 3.832773e-03 1.617509e-03
1.869293e+00 7.529761e-03 1.616611e-03
1.870330e+00 5.437593e-03 1.615714e-03
1.871368e+00 2.310802e-03 1.614818e-03
1.872406e+00 2.736677e-03 1.613923e-03
1.873443e+00 3.168506e-03 1.613029e-03
1.874481e+00 -2.516002e-04 1.612136e-03
1.875519e+00 -3.445959e-03 1.611244e-03
1.876557e+00 -2.893114e-03 1.610353e-03
1.877594e+00 -4.886548e-03 1.609463e-03
1.878632e+00 -4.647248e-03 1.608574e-03
1.879670e+00 -3.160844e-03 1.607686e-03
1.880707e+00 6.381270e-04 1.606799e-03
1.881745e+00 -3.528850e-04 1.605913e-03
1.882783e+00 -9.934004e-05 1.605028e-03
1.883821e+00 3.004338e-03 1.604144e-03
1.884858e+00 7.077281e-04 1.603261e-03
1.885896e+00 -1.877750e-03 1.602379e-03
1.886934e+00 2.821616e-03 1.601497e-03
1.887971e+00 9.608829e-04 1.600617e-03
1.889009e+00 2.397499e-03 1.599738e-03
1.890047e+00 -5.423666e-04 1.598859e-03
1.891085e+00 -8.496114e-04 1.597982e-03
1.892122e+00 3.939692e-04 1.597106e-03
1.893160e+00 1.801852e-03 1.596230e-03
1.894198e+00 6.331215e-04 1.595356e-03
1.895235e+00 -2.395783e-03 1.594482e-03

# 58.778525 80.901699
1.854765e+00 -1.533572e-03 1.629274e-03
1.855802e+00 -1.462687e-03 1.628363e-03
1.856840e+00 2.251917e-03 1.627453e-03
1.857878e+00 1.445932e-03 1.626544e-03
1.858915e+00 -9.373027e-04 1.625636e-03
1.859953e+00 -1.932849e-03 1.624729e-03
1.860991e+00 -2.198979e-04 1.623823e-03
1.862029e+00 -1.510809e-04 1.622918e-03
1.863066e+00 -1.180227e-03 1.622014e-03
1.864104e+00 -2.276938e-03 1.621111e-03
1.865142e+00 -3.575701e-03 1.620209e-03
1.866179e+00 -1.601982e-03 1.619308e-03
1.867217e+00 -1.623198e-03 1.618408e-03
1.868255e+00 1.130886e-03 1.617509e-03
1.869293e+00 4.631935e-04 1.616611e-03
1.870330e+00 -1.259349e-03 1.615714e-03
1.871368e+00 9.069606e-04 1.614818e-03
1.872406e+00 1.412869e-03 1.613923e-03
1.873443e+00 6.743913e-04 1.613029e-03
1.874481e+00 1.888020e-03 1.612136e-03
1.875519e+00 -3.569772e-03 1.611244e-03
1.876557e+00 5.541093e-04 1.610353e-03
1.877594e+00 -1.007976e-03 1.609463e-03
1.878632e+00 -1.774186e-03 1.608574e-03
1.879670e+00 5.033610e-05 1.607686e-03
1.880707e+00 -1.206421e-03 1.606799e-03
1.881745e+00 4.913965e-03 1.605913e-03
1.882783e+00 7.098312e-04 1.605028e-03
1.883821e+00 7.850090e-03 1.604144e-03
1.884858e+00 2.185436e-03 1.603261e-03
1.885896e+00 6.475077e-03 1.602379e-03
1.886934e+00 2.796547e-03 1.601497e-03
1.887971e+00 8.603058e-04 1.600617e-03
1.889009e+00 2.896324e-03 1.599738e-03
1.890047e+00 7.000260e-04 1.598859e-03
1.891085e+00 3.853170e-03 1.597982e-03
1.892122e+00 -1.395603e-03 1.597106e-03
1.893160e+00 -1.030367e-03 1.596230e-03
1.894198e+00 2.671711e-03 1.595356e-03
1.895235e+00 -2.840784e-03 1.594482e-03

# 45.399050 89.100652
1.854765e+00 -4.681708e-04 1.629274e-03
1.855802e+00 -4.163498e-04 1.628363e-03
1.856840e+00 2.662444e-04 1.627453e-03
1.857878e+00 1.391622e-03 1.626544e-03
1.858915e+00 -1.780434e-03 1.625636e-03
1.859953e+00 -2.237148e-03 1.624729e-03
1.860991e+00 -1.691466e-03 1.623823e-03
1.862029e+00 -3.067984e-03 1.622918e-03
1.863066e+00 1.895006e-04 1.622014e-03
1.864104e+00 -3.930395e-03 1.621111e-03
1.865142e+00 -5.221216e-03 1.620209e-03
1.866179e+00 -4.655889e-03 1.619308e-03
1.867217e+00 -5.865907e-03 1.618408e-03
1.868255e+00 -3.331204e-03 1.617509e-03
1.869293e+00 -4.353197e-03 1.616611e-03
1.870330e+00 -3.204937e-03 1.615714e-03
1.871368e+00 -2.451532e-03 1.614818e-03
1.872406e+00 1.755522e-03 1.613923e-03
1.873443e+00 1.347142e-03 1.613029e-03
1.874481e+00 -5.489649e-04 1.612136e-03
1.875519e+00 1.333325e-03 1.611244e-03
1.876557e+00 1.397323e-03 1.610353e-03
1.877594e+00 4.473371e-03 1.609463e-03
1.878632e+00 1.713666e-03 1.608574e-03
1.879670e+00 1.515930e-03 1.607686e-03
1.880707e+00 4.655774e-03 1.606799e-03
1.881745e+00 7.005586e-03 1.605913e-03
1.882783e+00 6.875899e-03 1.605028e-03
1.883821e+00 3.019771e-03 1.604144e-03
1.884858e+00 4.743742e-03 1.603261e-03
1.885896e+00 1.754693e-03 1.602379e-03
1.886934e+00 2.040485e-03 1.601497e-03
1.887971e+00 2.704588e-03 1.600617e-03
1.889009e+00 3.235975e-03 1.599738e-03
1.890047e+00 2.170421e-03 1.598859e-03
1.891085e+00 1.145652e-03 1.597982e-03
1.892122e+00 1.839442e-03 1.597106e-03
1.893160e+00 1.818312e-03 1.596230e-03
1.894198e+00 6.658161e-04 1.595356e-03
1.895235e+00 7.907521e-04 1.594482e-03

# 30.901699 95.105652
1.854765e+00 1.161505e-03 1.629274e-03
1.855802e+00 -4.372205e-04 1.628363e-03
1.856840e+00 -4.348869e-03 1.627453e-03
1.857878e+00 -2.464166e-04 1.626544e-03
1.858915e+00 -9.619003e-04 1.625636e-03
1.859953e+00 -1.690912e-03 1.624729e-03
1.860991e+00 -5.459177e-04 1.623823e-03
1.862029e+00 -5.643376e-03 1.622918e-03
1.863066e+00 -2.790682e-03 1.622014e-03
1.864104e+00 -2.661395e-03 1.621111e-03
1.865142e+00 -5.352351e-03 1.620209e-03
1.866179e+00 -8.657772e-03 1.619308e-03
1.867217e+00 -7.364461e-03 1.618408e-03
1.868255e+00 -6.831421e-03 1.617509e-03
1.869293e+00 -7.563946e-03 1.616611e-03
1.870330e+00 -5.109207e-03 1.615714e-03
1.871368e+00 -5.139480e-03 1.614818e-03
1.872406e+00 -9.804714e-04 1.613923e-03
1.873443e+00 -7.912890e-04 1.613029e-03
1.874481e+00 1.121524e-03 1.612136e-03
1.875519e+00 -1.224871e-03 1.611244e-03
1.876557e+00 3.924539e-03 1.610353e-03
1.877594e+00 1.223529e-03 1.609463e-03
1.878632e+00 5.323162e-03 1.608574e-03
1.879670e+00 4.599531e-03 1.607686e-03
1.880707e+00 9.689520e-03 1.606799e-03
1.881745e+00 8.602687e-03 1.605913e-03
1.882783e+00 7.845628e-03 1.605028e-03
1.883821e+00 5.187919e-03 1.604144e-03
1.884858e+00 5.202379e-03 1.603261e-03
1.885896e+00 5.212009e-03 1.602379e-03
1.886934e+00 3.799262e-03 1.601497e-03
1.887971e+00 2.688226e-03 1.600617e-03
1.889009e+00 4.397536e-03 1.599738e-03
1.890047e+00 1.780424e-03 1.598859e-03
1.891085e+00 -1.827852e-03 1.597982e-03
1.892122e+00 -1.890951e-03 1.597106e-03
1.893160e+00 8.009225e-04 1.596230e-03
1.894198e+00 -1.825857e-03 1.595356e-03
1.895235e+00 -1.756027e-03 1.594482e-03

# 15.643447 98.768834
1.854765e+00 1.410333e-03 1.629274e-03
1.855802e+00 -2.812003e-03 1.628363e-03
1.856840e+00 -1.534775e-03 1.627453e-03
1.857878e+00 -1.239756e-04 1.626544e-03
1.858915e+00 -1.348071e-03 1.625636e-03
1.859953e+00 -2.049009e-03 1.624729e-03
1.860991e+00 -3.710665e-03 1.623823e-03
1.862029e+00 1.523316e-04 1.622918e-03
1.863066e+00 -6.286437e-03 1.622014e-03
1.864104e+00 -7.600071e-03 1.621111e-03
1.865142e+00 -8.138042e-03 1.620209e-03
1.866179e+00 -9.366268e-03 1.619308e-03
1.867217e+00 -1.117394e-02 1.618408e-03
1.868255e+00 -7.973477e-03 1.617509e-03
1.869293e+00 -6.424385e-03 1.616611e-03
1.870330e+00 -7.567504e-03 1.615714e-03
1.871368e+00 -8.281276e-03 1.614818e-03
1.872406e+00 -3.669589e-04 1.613923e-03
1.873443e+00 -3.044248e-03 1.613029e-03
1.874481e+00 -2.092165e-03 1.612136e-03
1.875519e+00 4.831986e-03 1.611244e-03
1.876557e+00 3.538976e-03 1.610353e-03
1.877594e+00 5.810339e-03 1.609463e-03
1.878632e+00 6.896386e-03 1.608574e-03
1.879670e+00 1.036454e-02 1.607686e-03
1.880707e+00 1.005271e-02 1.606799e-03
1.881745e+00 1.238219e-02 1.605913e-03
1.882783e+00 6.898627e-03 1.605028e-03
1.883821e+00 8.205079e-03 1.604144e-03
1.884858e+00 5.356369e-03 1.603261e-03
1.885896e+00 7.653089e-03 1.602379e-03
1.886934e+00 4.910606e-03 1.601497e-03
1.887971e+00 3.556221e-03 1.600617e-03
1.889009e+00 4.313890e-03 1.599738e-03
1.890047e+00 1.564920e-03 1.598859e-03
1.891085e+00 1.276873e-03 1.597982e-03
1.892122e+00 2.964135e-04 1.597106e-03
1.893160e+00 -1.491614e-03 1.596230e-03
1.894198e+00 -2.826532e-03 1.595356e-03
1.895235e+00 3.156703e-03 1.594482e-03

