5969.407503 0.208815 0.003799
5985.665001 0.215771 0.003799
5986.626624 0.224281 0.003799
5990.472236 0.222327 0.003799
5991.401607 0.222773 0.003799
5994.272341 0.215316 0.003799
5996.164197 0.213334 0.003799
5997.136864 0.205011 0.003799
5998.069891 0.200875 0.003799
5999.095989 0.203868 0.003799
6006.710613 0.195474 0.003799
6008.610249 0.192354 0.003799
6009.538501 0.195093 0.003799
6012.413015 0.189139 0.003799
6014.364915 0.196780 0.003799
6015.348167 0.191712 0.003799
6016.215264 0.187224 0.003799
6018.117647 0.179497 0.003799
6019.005828 0.183839 0.003799
6023.849018 0.187801 0.003799
6026.760445 0.195563 0.003799
6028.712881 0.206024 0.003799
6029.657546 0.211924 0.003799
6034.478141 0.221401 0.003799
6036.327667 0.224118 0.003799
6037.280380 0.218043 0.003799
6038.263326 0.212329 0.003799
6039.206660 0.219820 0.003799
6040.162101 0.214755 0.003799
6041.133457 0.217074 0.003799
6042.156971 0.220897 0.003799
6042.963690 0.215436 0.003799
6043.873767 0.217774 0.003799
6044.915752 0.219186 0.003799
6045.779270 0.213530 0.003799
6046.757670 0.223300 0.003799
6047.728682 0.222723 0.003799
6049.586190 0.240804 0.003799
6050.599492 0.239661 0.003799
6051.554761 0.238284 0.003799
6052.550511 0.244667 0.003799
6054.455411 0.243229 0.003799
6055.447066 0.236112 0.003799
6056.389300 0.236195 0.003799
6057.317666 0.230389 0.003799
6058.260139 0.234642 0.003799
6059.301837 0.228180 0.003799
6061.140769 0.223591 0.003799
6062.100822 0.230806 0.003799
6063.033256 0.225156 0.003799
6063.964245 0.222306 0.003799
6064.969145 0.224999 0.003799
6065.860953 0.224609 0.003799
6066.884668 0.219680 0.003799
6067.869997 0.222336 0.003799
6069.702890 0.215202 0.003799
6070.668657 0.212387 0.003799
6071.683012 0.219961 0.003799
6072.574734 0.223065 0.003799
6073.601856 0.208378 0.003799
6074.582601 0.222069 0.003799
6075.566743 0.215039 0.003799
6077.390630 0.216571 0.003799
6078.427361 0.219265 0.003799
6079.277471 0.221129 0.003799
6080.228528 0.225718 0.003799
6081.160694 0.221206 0.003799
6082.128174 0.222992 0.003799
6083.195731 0.224184 0.003799
6084.047612 0.235036 0.003799
6085.029916 0.226214 0.003799
6085.929380 0.228867 0.003799
6086.934500 0.231393 0.003799
6087.899559 0.229758 0.003799
6088.756321 0.234753 0.003799
6090.804670 0.227958 0.003799
6091.701531 0.221890 0.003799
6092.551775 0.218094 0.003799
6093.666436 0.210496 0.003799
6094.641927 0.217079 0.003799
6097.461173 0.209108 0.003799
6098.261134 0.212445 0.003799
6101.291156 0.204969 0.003799
6102.192506 0.208040 0.003799
6110.842214 0.190180 0.003799
6111.775787 0.180566 0.003799
6115.557775 0.180490 0.003799
6116.544118 0.183212 0.003799
6117.481452 0.184971 0.003799
6121.407397 0.179171 0.003799
6125.188075 0.180631 0.003799
6126.079289 0.179748 0.003799
6127.050406 0.174819 0.003799
6128.020164 0.179184 0.003799
6128.935103 0.171299 0.003799
6129.949258 0.169863 0.003799
6130.858474 0.167999 0.003799
6132.756340 0.173809 0.003799
6133.725629 0.173987 0.003799
6135.675356 0.192152 0.003799
6137.560024 0.200920 0.003799
