6.237434e+03 1.249251e-01 2.812745e-03
6.254421e+03 1.349831e-01 2.812745e-03
6.255426e+03 1.409877e-01 2.812745e-03
6.259444e+03 1.282318e-01 2.812745e-03
6.260416e+03 1.302794e-01 2.812745e-03
6.263415e+03 1.314512e-01 2.812745e-03
6.265392e+03 1.287179e-01 2.812745e-03
6.266408e+03 1.180679e-01 2.812745e-03
6.267383e+03 1.234302e-01 2.812745e-03
6.268455e+03 1.115435e-01 2.812745e-03
6.276412e+03 1.225539e-01 2.812745e-03
6.278397e+03 1.209072e-01 2.812745e-03
6.279367e+03 1.219033e-01 2.812745e-03
6.282370e+03 1.164168e-01 2.812745e-03
6.284410e+03 1.050333e-01 2.812745e-03
6.285437e+03 1.058586e-01 2.812745e-03
6.286343e+03 1.095833e-01 2.812745e-03
6.288331e+03 1.096403e-01 2.812745e-03
6.289259e+03 1.068332e-01 2.812745e-03
6.294320e+03 1.119232e-01 2.812745e-03
6.297362e+03 1.305427e-01 2.812745e-03
6.299402e+03 1.360731e-01 2.812745e-03
6.300389e+03 1.369945e-01 2.812745e-03
6.305426e+03 1.337307e-01 2.812745e-03
6.307359e+03 1.302967e-01 2.812745e-03
6.308354e+03 1.396377e-01 2.812745e-03
6.309381e+03 1.340934e-01 2.812745e-03
6.310367e+03 1.344899e-01 2.812745e-03
6.311365e+03 1.251194e-01 2.812745e-03
6.312380e+03 1.236999e-01 2.812745e-03
6.313450e+03 1.219983e-01 2.812745e-03
6.314293e+03 1.303943e-01 2.812745e-03
6.315244e+03 1.354843e-01 2.812745e-03
6.316332e+03 1.371647e-01 2.812745e-03
6.317235e+03 1.382450e-01 2.812745e-03
6.318257e+03 1.398662e-01 2.812745e-03
6.319272e+03 1.465902e-01 2.812745e-03
6.321213e+03 1.580703e-01 2.812745e-03
6.322271e+03 1.529228e-01 2.812745e-03
6.323270e+03 1.437327e-01 2.812745e-03
6.324310e+03 1.452576e-01 2.812745e-03
6.326300e+03 1.447555e-01 2.812745e-03
6.327337e+03 1.335897e-01 2.812745e-03
6.328321e+03 1.374701e-01 2.812745e-03
6.329291e+03 1.380779e-01 2.812745e-03
6.330276e+03 1.448988e-01 2.812745e-03
6.331364e+03 1.417298e-01 2.812745e-03
6.333286e+03 1.355426e-01 2.812745e-03
6.334289e+03 1.358172e-01 2.812745e-03
6.335263e+03 1.383829e-01 2.812745e-03
6.336236e+03 1.373347e-01 2.812745e-03
6.337286e+03 1.335841e-01 2.812745e-03
6.338218e+03 1.313733e-01 2.812745e-03
6.339288e+03 1.259009e-01 2.812745e-03
6.340317e+03 1.314227e-01 2.812745e-03
6.342233e+03 1.345229e-01 2.812745e-03
6.343242e+03 1.386868e-01 2.812745e-03
6.344302e+03 1.414199e-01 2.812745e-03
6.345233e+03 1.368523e-01 2.812745e-03
6.346307e+03 1.344726e-01 2.812745e-03
6.347331e+03 1.300058e-01 2.812745e-03
6.348360e+03 1.269823e-01 2.812745e-03
6.350265e+03 1.353501e-01 2.812745e-03
6.351349e+03 1.376403e-01 2.812745e-03
6.352237e+03 1.338443e-01 2.812745e-03
6.353231e+03 1.373549e-01 2.812745e-03
6.354205e+03 1.382655e-01 2.812745e-03
6.355216e+03 1.418475e-01 2.812745e-03
6.356331e+03 1.371859e-01 2.812745e-03
6.357221e+03 1.423631e-01 2.812745e-03
6.358248e+03 1.384693e-01 2.812745e-03
6.359188e+03 1.421345e-01 2.812745e-03
6.360238e+03 1.392657e-01 2.812745e-03
6.361246e+03 1.404710e-01 2.812745e-03
6.362141e+03 1.385437e-01 2.812745e-03
6.364282e+03 1.290829e-01 2.812745e-03
6.365219e+03 1.221695e-01 2.812745e-03
6.366107e+03 1.311400e-01 2.812745e-03
6.367272e+03 1.275835e-01 2.812745e-03
6.368291e+03 1.265043e-01 2.812745e-03
6.371237e+03 1.247695e-01 2.812745e-03
6.372073e+03 1.257162e-01 2.812745e-03
6.375239e+03 1.219381e-01 2.812745e-03
6.376181e+03 1.231538e-01 2.812745e-03
6.385219e+03 1.112984e-01 2.812745e-03
6.386195e+03 1.114708e-01 2.812745e-03
6.390146e+03 1.063584e-01 2.812745e-03
6.391177e+03 1.121820e-01 2.812745e-03
6.392156e+03 1.108798e-01 2.812745e-03
6.396259e+03 1.132424e-01 2.812745e-03
6.400209e+03 1.061605e-01 2.812745e-03
6.401140e+03 1.012824e-01 2.812745e-03
6.402155e+03 1.005927e-01 2.812745e-03
6.403168e+03 1.037497e-01 2.812745e-03
6.404124e+03 1.001076e-01 2.812745e-03
6.405184e+03 9.888319e-02 2.812745e-03
6.406134e+03 1.023212e-01 2.812745e-03
6.408117e+03 1.156040e-01 2.812745e-03
6.409130e+03 1.232609e-01 2.812745e-03
6.411167e+03 1.294895e-01 2.812745e-03
6.413136e+03 1.351407e-01 2.812745e-03
