0.000000e+00 1.300324e+00 1.000000e-02
4.949495e-01 1.325079e+00 1.000000e-02
9.898990e-01 1.341146e+00 1.000000e-02
1.484848e+00 1.369594e+00 1.000000e-02
1.979798e+00 1.364651e+00 1.000000e-02
2.474747e+00 1.371089e+00 1.000000e-02
2.969697e+00 1.385515e+00 1.000000e-02
3.464646e+00 1.385320e+00 1.000000e-02
3.959596e+00 1.377313e+00 1.000000e-02
4.454545e+00 1.371973e+00 1.000000e-02
4.949495e+00 1.353792e+00 1.000000e-02
5.444444e+00 1.341915e+00 1.000000e-02
5.939394e+00 1.341037e+00 1.000000e-02
6.434343e+00 1.323675e+00 1.000000e-02
6.929293e+00 1.327204e+00 1.000000e-02
7.424242e+00 1.304490e+00 1.000000e-02
7.919192e+00 1.328441e+00 1.000000e-02
8.414141e+00 1.323765e+00 1.000000e-02
8.909091e+00 1.360079e+00 1.000000e-02
9.404040e+00 1.341948e+00 1.000000e-02
9.898990e+00 1.406684e+00 1.000000e-02
1.039394e+01 1.396105e+00 1.000000e-02
1.088889e+01 1.437428e+00 1.000000e-02
1.138384e+01 1.452343e+00 1.000000e-02
1.187879e+01 1.480834e+00 1.000000e-02
1.237374e+01 1.501214e+00 1.000000e-02
1.286869e+01 1.511457e+00 1.000000e-02
1.336364e+01 1.518452e+00 1.000000e-02
1.385859e+01 1.543993e+00 1.000000e-02
1.435354e+01 1.550038e+00 1.000000e-02
1.484848e+01 1.553279e+00 1.000000e-02
1.534343e+01 1.567366e+00 1.000000e-02
1.583838e+01 1.590212e+00 1.000000e-02
1.633333e+01 1.578078e+00 1.000000e-02
1.682828e+01 1.578717e+00 1.000000e-02
1.732323e+01 1.560625e+00 1.000000e-02
1.781818e+01 1.551371e+00 1.000000e-02
1.831313e+01 1.526511e+00 1.000000e-02
1.880808e+01 1.513787e+00 1.000000e-02
1.930303e+01 1.499150e+00 1.000000e-02
1.979798e+01 1.480333e+00 1.000000e-02
2.029293e+01 1.445333e+00 1.000000e-02
2.078788e+01 1.434516e+00 1.000000e-02
2.128283e+01 1.416228e+00 1.000000e-02
2.177778e+01 1.395955e+00 1.000000e-02
2.227273e+01 1.367640e+00 1.000000e-02
2.276768e+01 1.360278e+00 1.000000e-02
2.326263e+01 1.337733e+00 1.000000e-02
2.375758e+01 1.327772e+00 1.000000e-02
2.425253e+01 1.324498e+00 1.000000e-02
2.474747e+01 1.322872e+00 1.000000e-02
2.524242e+01 1.327608e+00 1.000000e-02
2.573737e+01 1.326440e+00 1.000000e-02
2.623232e+01 1.271372e+00 1.000000e-02
2.672727e+01 1.259429e+00 1.000000e-02
2.722222e+01 1.252404e+00 1.000000e-02
2.771717e+01 1.229826e+00 1.000000e-02
2.821212e+01 1.220587e+00 1.000000e-02
2.870707e+01 1.193051e+00 1.000000e-02
2.920202e+01 1.201512e+00 1.000000e-02
2.969697e+01 1.166616e+00 1.000000e-02
3.019192e+01 1.189920e+00 1.000000e-02
3.068687e+01 1.180263e+00 1.000000e-02
3.118182e+01 1.201466e+00 1.000000e-02
3.167677e+01 1.199328e+00 1.000000e-02
3.217172e+01 1.209324e+00 1.000000e-02
3.266667e+01 1.198916e+00 1.000000e-02
3.316162e+01 1.160516e+00 1.000000e-02
3.365657e+01 1.144819e+00 1.000000e-02
3.415152e+01 1.175291e+00 1.000000e-02
3.464646e+01 1.178722e+00 1.000000e-02
3.514141e+01 1.185170e+00 1.000000e-02
3.563636e+01 1.187922e+00 1.000000e-02
3.613131e+01 1.197730e+00 1.000000e-02
3.662626e+01 1.185563e+00 1.000000e-02
3.712121e+01 1.172965e+00 1.000000e-02
3.761616e+01 1.189155e+00 1.000000e-02
3.811111e+01 1.188597e+00 1.000000e-02
3.860606e+01 1.188781e+00 1.000000e-02
3.910101e+01 1.187312e+00 1.000000e-02
3.959596e+01 1.196557e+00 1.000000e-02
4.009091e+01 1.197561e+00 1.000000e-02
4.058586e+01 1.199133e+00 1.000000e-02
4.108081e+01 1.191135e+00 1.000000e-02
4.157576e+01 1.212953e+00 1.000000e-02
4.207071e+01 1.213801e+00 1.000000e-02
4.256566e+01 1.235293e+00 1.000000e-02
4.306061e+01 1.248050e+00 1.000000e-02
4.355556e+01 1.255064e+00 1.000000e-02
4.405051e+01 1.260681e+00 1.000000e-02
4.454545e+01 1.284000e+00 1.000000e-02
4.504040e+01 1.303606e+00 1.000000e-02
4.553535e+01 1.306339e+00 1.000000e-02
4.603030e+01 1.323409e+00 1.000000e-02
4.652525e+01 1.330584e+00 1.000000e-02
4.702020e+01 1.334001e+00 1.000000e-02
4.751515e+01 1.335661e+00 1.000000e-02
4.801010e+01 1.347829e+00 1.000000e-02
4.850505e+01 1.382532e+00 1.000000e-02
4.900000e+01 1.368630e+00 1.000000e-02
